Head:-0.2253172,0.2088065,0.9601364
ShoulderCenter:-0.2402508,0.06071208,0.9908896
ShoulderRight:-0.1592603,-0.02871338,1.064497
ElbowRight:-0.1598926,-0.2220865,1.030304
WristRight:-0.1878262,-0.08195557,1.008928
HandRight:-0.1996224,-0.06424735,0.958244
ShoulderLeft:-0.3903129,-0.06518251,0.9686705
ElbowLeft:-0.4085171,-0.2089437,0.9024487
WristLeft:-0.3226874,-0.03609723,0.9120427
HandLeft:-0.2940775,0.02151828,0.9185021
Spine:-0.2463185,-0.1350998,1.022118
HipCenter:-0.2431239,-0.1752014,1.021645
HipRight:-0.1992791,-0.2271742,1.042164
KneeRight:-0.4510172,-0.02546821,0.9902495
AnkleRight:-0.6948131,0.169874,0.9302419
FootRight:-0.6691306,0.1329833,0.8662674
HipLeft:-0.2881004,-0.232288,1.010862
KneeLeft:-0.3004538,0.046921,0.8699874
AnkleLeft:-0.165928,-0.1421969,0.810118
FootLeft:-0.2343078,-0.08434321,0.8179873
