Head:-0.2950866,0.4101476,1.060003
ShoulderCenter:-0.3385595,0.2861625,1.127665
ShoulderRight:-0.1892446,0.2448544,1.136539
ElbowRight:-0.09189625,0.2216132,1.01264
WristRight:-0.1401019,0.04563035,0.9311478
HandRight:-0.1563253,-0.007503338,0.8836299
ShoulderLeft:-0.4640362,0.1648013,1.10052
ElbowLeft:-0.5223842,0.1970086,1.2587
WristLeft:-0.5452777,0.01647459,1.175985
HandLeft:-0.555594,-0.0298835,1.150213
Spine:-0.3212147,0.1582973,1.158653
HipCenter:-0.3165764,0.1332169,1.162542
HipRight:-0.2531791,0.06103652,1.158383
KneeRight:-0.4382168,-0.1777172,1.094954
AnkleRight:-0.268787,-0.2637277,1.211996
FootRight:-0.2227257,-0.3253609,1.165819
HipLeft:-0.3557184,0.06764525,1.198069
KneeLeft:-0.389028,-0.229232,1.096238
AnkleLeft:-0.2320464,-0.4962721,1.083559
FootLeft:-0.221663,-0.5346177,1.016397
