Head:-0.2150783,0.6502547,1.557416
ShoulderCenter:-0.2370451,0.4966538,1.511189
ShoulderRight:-0.06987198,0.443566,1.545598
ElbowRight:-0.05371537,0.2715704,1.493389
WristRight:-0.0540608,0.09336655,1.366423
HandRight:-0.05628233,0.02954395,1.322122
ShoulderLeft:-0.3920813,0.4612476,1.51941
ElbowLeft:-0.4626407,0.2606369,1.51252
WristLeft:-0.454058,0.07324511,1.401314
HandLeft:-0.4669361,0.01783163,1.348359
Spine:-0.2628069,0.2698013,1.535376
HipCenter:-0.2639061,0.2232624,1.504354
HipRight:-0.214482,0.1474163,1.502471
KneeRight:-0.1653693,-0.2923526,1.441918
AnkleRight:-0.1700382,-0.516827,1.445631
FootRight:-0.1770809,-0.4558055,1.417693
HipLeft:-0.3218948,0.1513268,1.492746
KneeLeft:-0.4058299,-0.2835723,1.436049
AnkleLeft:-0.4428376,-0.5062892,1.416011
FootLeft:-0.42626,-0.4409179,1.413666
