Head:-0.185898,0.6758879,1.535286
ShoulderCenter:-0.2128363,0.5210445,1.498328
ShoulderRight:-0.06918876,0.4558184,1.516992
ElbowRight:0.04365741,0.2942419,1.47854
WristRight:0.1486122,0.1828306,1.3177
HandRight:0.2166039,0.1177229,1.224916
ShoulderLeft:-0.4001113,0.4571427,1.507215
ElbowLeft:-0.5226111,0.2838769,1.454377
WristLeft:-0.6138573,0.1697403,1.321487
HandLeft:-0.6393401,0.1339127,1.272991
Spine:-0.2357429,0.2769183,1.509688
HipCenter:-0.2392925,0.2311452,1.480671
HipRight:-0.1930566,0.1572815,1.476325
KneeRight:-0.1578038,-0.2859225,1.448553
AnkleRight:-0.173571,-0.5099689,1.464296
FootRight:-0.1628128,-0.4515262,1.431465
HipLeft:-0.2968407,0.1599389,1.468029
KneeLeft:-0.373061,-0.2779989,1.438268
AnkleLeft:-0.3778812,-0.5044143,1.439288
FootLeft:-0.3781607,-0.4368611,1.43253
