Head:-0.2067299,0.6712755,1.535674
ShoulderCenter:-0.2336698,0.5158532,1.497693
ShoulderRight:-0.08878849,0.4680173,1.513907
ElbowRight:0.08503138,0.3398234,1.484652
WristRight:0.2799666,0.2786203,1.403714
HandRight:0.3551614,0.2710561,1.382133
ShoulderLeft:-0.4173197,0.4595682,1.498276
ElbowLeft:-0.5763491,0.3455821,1.465038
WristLeft:-0.7210798,0.3116048,1.396145
HandLeft:-0.7625442,0.2951156,1.358949
Spine:-0.2440969,0.2807013,1.501428
HipCenter:-0.2446654,0.2395977,1.466326
HipRight:-0.1958688,0.1651943,1.462144
KneeRight:-0.1681666,-0.2789661,1.453222
AnkleRight:-0.1771721,-0.5019596,1.480221
FootRight:-0.1724924,-0.4472812,1.440011
HipLeft:-0.298674,0.1675796,1.447761
KneeLeft:-0.3697378,-0.2717351,1.436627
AnkleLeft:-0.378339,-0.498096,1.443397
FootLeft:-0.3810837,-0.4319888,1.427559
