Head:-0.2082988,0.6602611,1.545759
ShoulderCenter:-0.2525558,0.5105114,1.486894
ShoulderRight:-0.1050076,0.4663782,1.500708
ElbowRight:0.0429349,0.3131633,1.448798
WristRight:0.1332074,0.1974579,1.277018
HandRight:0.1951624,0.1478066,1.193574
ShoulderLeft:-0.4244206,0.4604652,1.483273
ElbowLeft:-0.5721852,0.3207389,1.432957
WristLeft:-0.6364747,0.223831,1.310878
HandLeft:-0.6489064,0.190469,1.265551
Spine:-0.2559945,0.277197,1.490731
HipCenter:-0.2548136,0.2374981,1.451245
HipRight:-0.2061295,0.1657901,1.44652
KneeRight:-0.1737787,-0.2781245,1.44154
AnkleRight:-0.1871963,-0.4998968,1.476135
FootRight:-0.1620083,-0.4545909,1.431834
HipLeft:-0.3060072,0.167396,1.431003
KneeLeft:-0.3699339,-0.2730516,1.428021
AnkleLeft:-0.3830535,-0.4989653,1.442027
FootLeft:-0.3726435,-0.4332275,1.4272
