Head:-0.2119886,0.6563413,1.544298
ShoulderCenter:-0.258608,0.507666,1.481387
ShoulderRight:-0.1014031,0.4397618,1.481407
ElbowRight:-0.04357376,0.2867915,1.457873
WristRight:-0.06828468,0.1607774,1.349939
HandRight:-0.1078043,0.1130879,1.302444
ShoulderLeft:-0.4271498,0.4447513,1.469635
ElbowLeft:-0.5020192,0.2784278,1.430305
WristLeft:-0.4141111,0.115033,1.305203
HandLeft:-0.3877183,0.07033223,1.280037
Spine:-0.2575529,0.2704491,1.484425
HipCenter:-0.2563152,0.2302011,1.443326
HipRight:-0.2062853,0.1576321,1.437899
KneeRight:-0.1742496,-0.2861073,1.435728
AnkleRight:-0.1875105,-0.508154,1.470848
FootRight:-0.1792946,-0.4520293,1.432863
HipLeft:-0.3074316,0.1592866,1.421076
KneeLeft:-0.3697181,-0.2811749,1.421269
AnkleLeft:-0.3844109,-0.5054129,1.446359
FootLeft:-0.3869618,-0.4440841,1.416483
