Head:-0.1973854,0.7103903,1.536273
ShoulderCenter:-0.2442957,0.5610726,1.471979
ShoulderRight:-0.110321,0.4553775,1.47368
ElbowRight:-0.04513934,0.3018295,1.398454
WristRight:-0.01705951,0.152765,1.270288
HandRight:-0.01387988,0.09796543,1.21443
ShoulderLeft:-0.4324169,0.4446194,1.459942
ElbowLeft:-0.5585447,0.2826954,1.417233
WristLeft:-0.6178493,0.1256938,1.286913
HandLeft:-0.6336979,0.06957846,1.241589
Spine:-0.271523,0.271582,1.476313
HipCenter:-0.277435,0.2213373,1.434338
HipRight:-0.2331845,0.1474455,1.429125
KneeRight:-0.1939356,-0.295654,1.403648
AnkleRight:-0.1817577,-0.5216535,1.426288
FootRight:-0.1883243,-0.4573699,1.390826
HipLeft:-0.3382698,0.151306,1.418659
KneeLeft:-0.4007453,-0.2893553,1.411659
AnkleLeft:-0.3886116,-0.5128328,1.445823
FootLeft:-0.3615441,-0.4516335,1.460654
