Head:-0.2320104,0.6809987,1.523904
ShoulderCenter:-0.2790837,0.5311618,1.459236
ShoulderRight:-0.1286222,0.4158552,1.46128
ElbowRight:-0.03071356,0.2357192,1.436866
WristRight:-0.002930129,0.09336422,1.263325
HandRight:0.005533616,0.01747948,1.150702
ShoulderLeft:-0.4362271,0.4222146,1.45395
ElbowLeft:-0.6006366,0.3212224,1.422071
WristLeft:-0.7136663,0.2430008,1.327197
HandLeft:-0.7526578,0.2336301,1.285175
Spine:-0.3123418,0.2379911,1.47369
HipCenter:-0.3180612,0.1839191,1.433976
HipRight:-0.2727505,0.1102562,1.429088
KneeRight:-0.2377089,-0.3307273,1.368246
AnkleRight:-0.1163044,-0.4995189,1.448128
FootRight:-0.1552338,-0.4781266,1.395745
HipLeft:-0.3786304,0.1192302,1.424294
KneeLeft:-0.4528458,-0.3196696,1.421832
AnkleLeft:-0.4281254,-0.5420198,1.458764
FootLeft:-0.4233582,-0.4666732,1.446316
