Head:-0.1885433,0.7061911,1.522533
ShoulderCenter:-0.2358554,0.5555942,1.457392
ShoulderRight:-0.09862225,0.4745072,1.455744
ElbowRight:0.03033495,0.3299144,1.417643
WristRight:0.1197319,0.2107547,1.247441
HandRight:0.1538005,0.1755235,1.172272
ShoulderLeft:-0.4146461,0.4441161,1.459117
ElbowLeft:-0.5298266,0.2691829,1.436534
WristLeft:-0.6196064,0.1838779,1.322452
HandLeft:-0.6401913,0.1715565,1.285365
Spine:-0.2356065,0.2788406,1.4747
HipCenter:-0.2353067,0.2271184,1.440209
HipRight:-0.1817341,0.1582778,1.440392
KneeRight:-0.1399586,-0.2856607,1.421612
AnkleRight:-0.1629608,-0.5146686,1.429826
FootRight:-0.1594919,-0.4523468,1.400677
HipLeft:-0.2855177,0.1539491,1.428394
KneeLeft:-0.3608509,-0.285541,1.425565
AnkleLeft:-0.3709351,-0.5156412,1.432492
FootLeft:-0.3763887,-0.4492374,1.414985
