Head:-0.1639165,0.6978105,1.523783
ShoulderCenter:-0.2238735,0.5521966,1.453977
ShoulderRight:-0.06482784,0.4904348,1.449841
ElbowRight:0.07862711,0.3422252,1.402337
WristRight:0.1892121,0.2688897,1.216402
HandRight:0.2264308,0.2577634,1.146309
ShoulderLeft:-0.3489695,0.4446966,1.459482
ElbowLeft:-0.4477898,0.248608,1.44441
WristLeft:-0.5460083,0.1090901,1.295183
HandLeft:-0.6029253,0.02826867,1.200589
Spine:-0.2010587,0.2667264,1.469745
HipCenter:-0.1978299,0.21177,1.440481
HipRight:-0.1442983,0.1519597,1.439773
KneeRight:-0.1166477,-0.2932537,1.426098
AnkleRight:-0.1464286,-0.5221477,1.434479
FootRight:-0.1212256,-0.4570539,1.404423
HipLeft:-0.2409708,0.14281,1.432265
KneeLeft:-0.3266167,-0.2949513,1.425539
AnkleLeft:-0.3443004,-0.5253781,1.43165
FootLeft:-0.3478376,-0.4482396,1.410583
