Head:-0.1559039,0.7078375,1.536287
ShoulderCenter:-0.2259798,0.5639411,1.47712
ShoulderRight:-0.06519806,0.4688787,1.477233
ElbowRight:0.09518208,0.3743673,1.413877
WristRight:0.1737418,0.4629414,1.291192
HandRight:0.1916595,0.5046617,1.25457
ShoulderLeft:-0.4046578,0.4439324,1.475953
ElbowLeft:-0.5570745,0.3635369,1.422065
WristLeft:-0.6327639,0.4452295,1.292378
HandLeft:-0.6624447,0.4803581,1.256492
Spine:-0.2231106,0.2805607,1.476225
HipCenter:-0.2239361,0.2293893,1.441883
HipRight:-0.1699544,0.1578814,1.435185
KneeRight:-0.1427941,-0.2876413,1.425651
AnkleRight:-0.1647302,-0.5161098,1.445162
FootRight:-0.1530892,-0.4556371,1.413763
HipLeft:-0.2814752,0.1548826,1.426942
KneeLeft:-0.3480865,-0.2864079,1.423505
AnkleLeft:-0.3756523,-0.5163357,1.429043
FootLeft:-0.3496407,-0.4523417,1.426496
