Head:-0.277194,0.6230594,1.206687
ShoulderCenter:-0.3206669,0.4990742,1.274638
ShoulderRight:-0.132807,0.4420492,1.30073
ElbowRight:-0.08722714,0.252724,1.298723
WristRight:-0.08700438,0.06390357,1.234233
HandRight:-0.09009776,-0.0816724,1.17728
ShoulderLeft:-0.4335506,0.4588582,1.294819
ElbowLeft:-0.5063365,0.2839472,1.306577
WristLeft:-0.5317336,0.08978741,1.279056
HandLeft:-0.5441412,0.01761541,1.271242
Spine:-0.3130032,0.3058717,1.286673
HipCenter:-0.3111391,0.2675229,1.289894
HipRight:-0.2521215,0.1971152,1.29327
KneeRight:-0.2418461,-0.2024816,1.267249
AnkleRight:-0.2100194,-0.4307736,1.260535
FootRight:-0.1997556,-0.3821582,1.216467
HipLeft:-0.3645231,0.2025592,1.292268
KneeLeft:-0.3908916,-0.1996505,1.280869
AnkleLeft:-0.4167513,-0.4212526,1.321156
FootLeft:-0.4509756,-0.3931341,1.27167
