Head:-0.1653433,0.7084327,1.543766
ShoulderCenter:-0.2327538,0.5631846,1.483844
ShoulderRight:-0.09197055,0.4658161,1.4862
ElbowRight:0.05901647,0.3517494,1.423224
WristRight:0.1411041,0.4154292,1.265464
HandRight:0.1578525,0.4477876,1.220755
ShoulderLeft:-0.4170118,0.4429293,1.47069
ElbowLeft:-0.5700348,0.3669304,1.413343
WristLeft:-0.6456203,0.4242585,1.270401
HandLeft:-0.674372,0.4431639,1.224115
Spine:-0.2442,0.280896,1.479895
HipCenter:-0.2452116,0.2315849,1.439418
HipRight:-0.1957408,0.1587098,1.433434
KneeRight:-0.1637953,-0.2866667,1.418779
AnkleRight:-0.1764388,-0.5148309,1.444127
FootRight:-0.1747814,-0.4552822,1.409085
HipLeft:-0.3010532,0.1583741,1.42086
KneeLeft:-0.3635429,-0.2837008,1.417714
AnkleLeft:-0.3826077,-0.5143634,1.425187
FootLeft:-0.3487684,-0.4552644,1.436976
