Head:-0.1922931,0.7056528,1.526162
ShoulderCenter:-0.2582254,0.5587881,1.467774
ShoulderRight:-0.1079476,0.4481004,1.459301
ElbowRight:-0.05208643,0.2350042,1.431612
WristRight:-0.008737464,0.06841257,1.283057
HandRight:0.01162964,0.006964333,1.23963
ShoulderLeft:-0.4310387,0.4317511,1.452246
ElbowLeft:-0.5028806,0.2249414,1.405518
WristLeft:-0.5362629,0.03557678,1.286893
HandLeft:-0.5665987,-0.07275406,1.233542
Spine:-0.2605353,0.2740806,1.474511
HipCenter:-0.2609758,0.2232908,1.433226
HipRight:-0.2094078,0.1524039,1.428592
KneeRight:-0.1741028,-0.2928901,1.429872
AnkleRight:-0.1872134,-0.5221384,1.452974
FootRight:-0.182357,-0.4606116,1.421511
HipLeft:-0.3151275,0.1511232,1.418435
KneeLeft:-0.3730787,-0.2913176,1.431376
AnkleLeft:-0.3955577,-0.5221287,1.440475
FootLeft:-0.3531163,-0.4651913,1.453883
