Head:-0.167605,0.6947392,1.507792
ShoulderCenter:-0.2349524,0.5486916,1.444543
ShoulderRight:-0.09737456,0.4486693,1.450574
ElbowRight:-0.05244955,0.2318401,1.430228
WristRight:-0.02499967,0.04114863,1.310056
HandRight:-0.008534359,-0.01634007,1.259577
ShoulderLeft:-0.4223922,0.4296717,1.446444
ElbowLeft:-0.4736066,0.2341322,1.432756
WristLeft:-0.4985309,0.04127239,1.315836
HandLeft:-0.5170275,-0.01071312,1.298483
Spine:-0.2530763,0.2727377,1.458495
HipCenter:-0.2552253,0.2222804,1.419609
HipRight:-0.2063213,0.1510127,1.413928
KneeRight:-0.1651933,-0.2937099,1.414739
AnkleRight:-0.1846952,-0.5228258,1.440471
FootRight:-0.1777943,-0.4554532,1.407201
HipLeft:-0.3103275,0.1492229,1.40939
KneeLeft:-0.3693751,-0.2931602,1.41888
AnkleLeft:-0.3771476,-0.5227487,1.445689
FootLeft:-0.3487873,-0.4593809,1.44256
