Head:-0.1289552,0.6467765,1.371538
ShoulderCenter:-0.2097799,0.5041524,1.324803
ShoulderRight:-0.04883528,0.4392878,1.310115
ElbowRight:0.02469013,0.2916617,1.265965
WristRight:0.01925043,0.1376205,1.130744
HandRight:0.0157952,0.01598661,0.9611534
ShoulderLeft:-0.340561,0.4418312,1.362316
ElbowLeft:-0.4238862,0.2381289,1.369874
WristLeft:-0.4746372,0.07063676,1.222202
HandLeft:-0.5000791,0.01082089,1.154834
Spine:-0.2086165,0.2515845,1.349891
HipCenter:-0.2152347,0.2032063,1.318361
HipRight:-0.1653679,0.1339502,1.306978
KneeRight:-0.1371004,-0.309876,1.332724
AnkleRight:-0.1535104,-0.5418845,1.349598
FootRight:-0.1417205,-0.4499317,1.332529
HipLeft:-0.2671952,0.1405355,1.320546
KneeLeft:-0.3406003,-0.2494389,1.188845
AnkleLeft:-0.4319748,-0.4502771,1.04592
FootLeft:-0.4461511,-0.4836856,0.9724237
