Head:-0.2335954,0.5426669,1.101371
ShoulderCenter:-0.3143752,0.4001248,1.054674
ShoulderRight:-0.1445509,0.3224052,1.03788
ElbowRight:-0.008837789,0.2464466,0.966488
WristRight:-0.07071675,0.1480108,0.8408118
HandRight:-0.06449089,0.1640804,0.8506616
ShoulderLeft:-0.460365,0.3543097,1.115153
ElbowLeft:-0.5476375,0.2298494,1.154162
WristLeft:-0.6128405,0.08500227,1.105339
HandLeft:-0.6306067,0.05739729,1.153101
Spine:-0.2902987,0.1860363,1.105205
HipCenter:-0.2908606,0.1403677,1.098785
HipRight:-0.2316553,0.06376414,1.094953
KneeRight:-0.1531518,-0.2468925,1.168208
AnkleRight:-0.3438271,-0.485048,1.139715
FootRight:-0.3624868,-0.5253642,1.070914
HipLeft:-0.3409514,0.07759941,1.115754
KneeLeft:-0.3641912,-0.2473466,0.9892246
AnkleLeft:-0.2212878,-0.3986051,1.077614
FootLeft:-0.2762323,-0.3458136,1.022256
