Head:-0.2622039,0.1527664,0.9347188
ShoulderCenter:-0.2764285,-0.001529488,0.9561443
ShoulderRight:-0.4379774,-0.03112532,0.9219677
ElbowRight:-0.343236,0.1446681,0.8078167
WristRight:-0.3929753,0.07318991,0.9342315
HandRight:-0.3913,0.02599733,0.9264723
ShoulderLeft:-0.4064755,-0.1367601,0.9025064
ElbowLeft:-0.3880232,-0.2983904,0.8822014
WristLeft:-0.3953597,-0.0790644,0.8542327
HandLeft:-0.3978052,-0.005955733,0.8485771
Spine:-0.2680579,-0.2040087,1.029699
HipCenter:-0.2559232,-0.2415143,1.050275
HipRight:-0.2522605,-0.2517525,1.07334
KneeRight:-0.2321337,-0.6394391,1.133096
AnkleRight:-0.1466791,-0.3963239,1.101189
FootRight:-0.09506883,-0.3953323,1.14757
HipLeft:-0.2522126,-0.2748762,1.037728
KneeLeft:-0.209054,-0.6264476,1.194852
AnkleLeft:-0.2124542,-0.6329415,1.176545
FootLeft:-0.2392868,-0.549608,1.142625
