Head:-0.05390121,0.008586824,0.3008966
ShoulderCenter:0,0,0
ShoulderRight:0,0,0
ElbowRight:-0.003720823,0.008339774,0.2518683
WristRight:-0.07829557,0.06010408,0.4407969
HandRight:-0.1031538,0.07735884,0.5074304
ShoulderLeft:0,0,0
ElbowLeft:-0.00964383,-0.01876962,0.2510419
WristLeft:-0.07414509,-0.06664243,0.4443954
HandLeft:-0.06485236,-0.01215691,0.4606729
Spine:0,0,0
HipCenter:0,0,0
HipRight:0,0,0
KneeRight:0,0,0
AnkleRight:-0.06469647,-0.05218296,0.337766
FootRight:-0.08543798,-0.07121547,0.4268923
HipLeft:0,0,0
KneeLeft:0,0,0
AnkleLeft:-0.0818471,-0.002577823,0.3380984
FootLeft:-0.103256,-0.003272342,0.4290772
