Head:-0.3395872,0.6840565,1.370551
ShoulderCenter:-0.3830601,0.5600713,1.43854
ShoulderRight:-0.2227793,0.471286,1.460561
ElbowRight:-0.1604742,0.2776683,1.458022
WristRight:-0.1134183,0.08168511,1.416585
HandRight:-0.09333651,0.01024906,1.407447
ShoulderLeft:-0.5095619,0.474288,1.428164
ElbowLeft:-0.5619847,0.2779925,1.390418
WristLeft:-0.5748131,0.08162418,1.326849
HandLeft:-0.5808603,0.009437852,1.308343
Spine:-0.364287,0.3300571,1.442829
HipCenter:-0.3601373,0.284187,1.441385
HipRight:-0.3028374,0.2177825,1.448025
KneeRight:-0.2911338,-0.2038778,1.398583
AnkleRight:-0.2416827,-0.4213772,1.356797
FootRight:-0.2123686,-0.4706509,1.322363
HipLeft:-0.4073753,0.2202118,1.432839
KneeLeft:-0.4344406,-0.202425,1.436124
AnkleLeft:-0.4393359,-0.4563022,1.468891
FootLeft:-0.4106346,-0.5062042,1.502934
