Head:-0.3321388,0.601759,1.475522
ShoulderCenter:-0.3756116,0.4777739,1.543421
ShoulderRight:-0.2211514,0.4654886,1.578361
ElbowRight:-0.1647583,0.2628686,1.568571
WristRight:-0.1182866,0.06333807,1.507037
HandRight:-0.09985516,-0.008935899,1.49004
ShoulderLeft:-0.5314316,0.4513614,1.532749
ElbowLeft:-0.6080147,0.2545915,1.504803
WristLeft:-0.6175023,0.05411544,1.428948
HandLeft:-0.6160114,-0.01478629,1.395744
Spine:-0.3735386,0.2937584,1.546187
HipCenter:-0.3705857,0.2581706,1.530138
HipRight:-0.3167481,0.1890092,1.530879
KneeRight:-0.2913963,-0.2399289,1.50279
AnkleRight:-0.2927235,-0.4534962,1.540272
FootRight:-0.3583269,-0.5077772,1.530904
HipLeft:-0.4227099,0.1862117,1.51718
KneeLeft:-0.4420866,-0.2433448,1.498785
AnkleLeft:-0.4338039,-0.4612807,1.514933
FootLeft:-0.3957844,-0.513092,1.534498
