Head:-0.3271855,0.6156614,1.624757
ShoulderCenter:-0.3468452,0.4449345,1.625619
ShoulderRight:-0.1795213,0.4497834,1.661647
ElbowRight:-0.1015807,0.3140903,1.664528
WristRight:-0.03568269,0.2432885,1.464182
HandRight:-0.008002831,0.2507233,1.342128
ShoulderLeft:-0.508264,0.4387185,1.622681
ElbowLeft:-0.627439,0.280806,1.575289
WristLeft:-0.6846761,0.2540557,1.42076
HandLeft:-0.6963165,0.2580885,1.36497
Spine:-0.3510796,0.2550398,1.630109
HipCenter:-0.3487964,0.2205431,1.606338
HipRight:-0.2972323,0.1444419,1.60307
KneeRight:-0.2955687,-0.2901825,1.589921
AnkleRight:-0.2997504,-0.5082932,1.615432
FootRight:-0.3376123,-0.5456927,1.573882
HipLeft:-0.4013807,0.1487606,1.591194
KneeLeft:-0.4287378,-0.2830908,1.540641
AnkleLeft:-0.4302126,-0.5054035,1.533816
FootLeft:-0.3636765,-0.5034074,1.522518
