Head:-0.3199235,0.6245975,1.650678
ShoulderCenter:-0.3301607,0.4712546,1.66891
ShoulderRight:-0.1604618,0.4575418,1.696587
ElbowRight:0.01114432,0.3959943,1.657929
WristRight:0.04658783,0.5208187,1.532887
HandRight:0.04815806,0.5533043,1.51115
ShoulderLeft:-0.503874,0.4539095,1.672259
ElbowLeft:-0.6614106,0.4072501,1.619892
WristLeft:-0.6983064,0.5307678,1.519675
HandLeft:-0.7027479,0.5786737,1.489209
Spine:-0.3354338,0.2685069,1.672401
HipCenter:-0.3342857,0.2329579,1.642842
HipRight:-0.2801661,0.1544397,1.638668
KneeRight:-0.2767425,-0.2833346,1.621178
AnkleRight:-0.2804452,-0.5034882,1.639374
FootRight:-0.2608789,-0.5527558,1.597569
HipLeft:-0.3909561,0.157506,1.625262
KneeLeft:-0.433962,-0.2731522,1.54915
AnkleLeft:-0.4410823,-0.4960812,1.541363
FootLeft:-0.3840652,-0.5152342,1.572023
