Head:-0.3347177,0.627398,1.656449
ShoulderCenter:-0.3455462,0.4718503,1.665513
ShoulderRight:-0.1703959,0.461095,1.697902
ElbowRight:0.005046721,0.4335003,1.672995
WristRight:0.02359641,0.5743928,1.596074
HandRight:0.03484765,0.6286893,1.583551
ShoulderLeft:-0.5122072,0.4520935,1.66707
ElbowLeft:-0.6873168,0.4544731,1.609032
WristLeft:-0.6981573,0.5983451,1.536921
HandLeft:-0.683365,0.6532317,1.537352
Spine:-0.3496632,0.2643341,1.669612
HipCenter:-0.3474037,0.2289626,1.635351
HipRight:-0.2943447,0.1499494,1.628737
KneeRight:-0.2978354,-0.2904665,1.607499
AnkleRight:-0.2789412,-0.5050669,1.647741
FootRight:-0.2877516,-0.5476794,1.596542
HipLeft:-0.4017869,0.1552971,1.617072
KneeLeft:-0.439403,-0.2800274,1.550774
AnkleLeft:-0.4388077,-0.5028039,1.549639
FootLeft:-0.4637694,-0.5009366,1.487284
