Head:-0.3836503,0.6510522,1.622585
ShoulderCenter:-0.4032865,0.5009256,1.623555
ShoulderRight:-0.2260719,0.4690933,1.662446
ElbowRight:-0.05664616,0.4196503,1.617984
WristRight:-0.01883169,0.5423153,1.517632
HandRight:-0.01035963,0.5933509,1.494286
ShoulderLeft:-0.5493202,0.4446948,1.607895
ElbowLeft:-0.720855,0.4035611,1.526893
WristLeft:-0.7559753,0.5346086,1.437939
HandLeft:-0.7565075,0.5883013,1.419549
Spine:-0.3911721,0.2690186,1.63116
HipCenter:-0.3827064,0.2294439,1.594238
HipRight:-0.3244655,0.1559109,1.592726
KneeRight:-0.2644825,-0.2790323,1.514999
AnkleRight:-0.2608078,-0.5016123,1.520753
FootRight:-0.3126647,-0.4804737,1.483724
HipLeft:-0.4303556,0.1565228,1.573497
KneeLeft:-0.4533665,-0.2858467,1.529718
AnkleLeft:-0.4485441,-0.5073872,1.543203
FootLeft:-0.4661317,-0.4692539,1.490823
