Head:-0.3693436,0.6551459,1.600142
ShoulderCenter:-0.3891037,0.5051781,1.603354
ShoulderRight:-0.224522,0.4752917,1.636365
ElbowRight:-0.05465034,0.3691763,1.564192
WristRight:0.02675279,0.4377918,1.370401
HandRight:0.05435196,0.4885291,1.297073
ShoulderLeft:-0.5419318,0.4485616,1.586118
ElbowLeft:-0.6716651,0.3564044,1.505528
WristLeft:-0.7329845,0.32125,1.355332
HandLeft:-0.7504319,0.3439626,1.306409
Spine:-0.3811625,0.2714472,1.614272
HipCenter:-0.3734171,0.2306862,1.576906
HipRight:-0.316948,0.1591039,1.576105
KneeRight:-0.2424143,-0.275433,1.502986
AnkleRight:-0.2193154,-0.4983819,1.493303
FootRight:-0.2431311,-0.4699234,1.437313
HipLeft:-0.4218254,0.158108,1.558639
KneeLeft:-0.4498781,-0.2859408,1.52888
AnkleLeft:-0.4454102,-0.5069665,1.547462
FootLeft:-0.3829744,-0.4828131,1.541953
